# k/h, pb22, pb2delta, pb2theta, pbs2delta, pbs2theta, pb2s2, pbs22, sigma23
1.000000000000000021e-03 3.076073364545287014e-02 0.000000000000000000e+00 0.000000000000000000e+00 0.000000000000000000e+00 0.000000000000000000e+00 0.000000000000000000e+00 0.000000000000000000e+00 0.000000000000000000e+00
6.040404040404040442e-03 1.098969248940159460e+00 0.000000000000000000e+00 0.000000000000000000e+00 0.000000000000000000e+00 0.000000000000000000e+00 0.000000000000000000e+00 0.000000000000000000e+00 1.574143374805650345e-03
1.108080808080808000e-02 3.589055144205219428e+00 6.067592580136368374e-01 0.000000000000000000e+00 0.000000000000000000e+00 0.000000000000000000e+00 0.000000000000000000e+00 0.000000000000000000e+00 5.065792503170607995e-03
1.612121212121212302e-02 7.352521105293731374e+00 3.982190104780506168e+00 0.000000000000000000e+00 0.000000000000000000e+00 0.000000000000000000e+00 0.000000000000000000e+00 0.000000000000000000e+00 1.009775759470135648e-02
2.116161616161616257e-02 1.225687706487564199e+01 1.047263646100316059e+01 0.000000000000000000e+00 0.000000000000000000e+00 0.000000000000000000e+00 0.000000000000000000e+00 0.000000000000000000e+00 1.639276516063209108e-02
2.620202020202020213e-02 1.819989543229758411e+01 1.970519208805315969e+01 0.000000000000000000e+00 0.000000000000000000e+00 0.000000000000000000e+00 0.000000000000000000e+00 0.000000000000000000e+00 2.371608767255788119e-02
3.124242424242424515e-02 2.508795400988516278e+01 3.081492288055835260e+01 0.000000000000000000e+00 0.000000000000000000e+00 0.000000000000000000e+00 0.000000000000000000e+00 0.000000000000000000e+00 3.189330189399335741e-02
3.628282828282828471e-02 3.283358266413837612e+01 4.294394402947931866e+01 0.000000000000000000e+00 0.000000000000000000e+00 0.000000000000000000e+00 0.000000000000000000e+00 0.000000000000000000e+00 4.078545348414150395e-02
4.132323232323232426e-02 4.134528297587080914e+01 5.551171535354374242e+01 0.000000000000000000e+00 0.000000000000000000e+00 0.000000000000000000e+00 0.000000000000000000e+00 0.000000000000000000e+00 5.028141310816351683e-02
4.636363636363636381e-02 5.056829687561297249e+01 6.817414558811401548e+01 0.000000000000000000e+00 0.000000000000000000e+00 0.000000000000000000e+00 0.000000000000000000e+00 0.000000000000000000e+00 6.029156901040452765e-02
5.140404040404040337e-02 6.033491208178135423e+01 8.104114827985365821e+01 0.000000000000000000e+00 0.000000000000000000e+00 0.000000000000000000e+00 0.000000000000000000e+00 0.000000000000000000e+00 7.072908227246453572e-02
5.644444444444444292e-02 7.065440865668593062e+01 9.428687600663660362e+01 0.000000000000000000e+00 0.000000000000000000e+00 0.000000000000000000e+00 0.000000000000000000e+00 0.000000000000000000e+00 8.153539912856133665e-02
6.148484848484848941e-02 8.142216404516408090e+01 1.080349043624264880e+02 0.000000000000000000e+00 0.000000000000000000e+00 0.000000000000000000e+00 0.000000000000000000e+00 0.000000000000000000e+00 9.264982051517947625e-02
6.652525252525252897e-02 9.257267196534918696e+01 1.223574300139769377e+02 3.405109414854037286e-01 0.000000000000000000e+00 0.000000000000000000e+00 0.000000000000000000e+00 0.000000000000000000e+00 1.040229118261323249e-01
7.156565656565656852e-02 1.040403962905209028e+02 1.368634350122493402e+02 8.687346000462111917e+00 0.000000000000000000e+00 0.000000000000000000e+00 0.000000000000000000e+00 0.000000000000000000e+00 1.156123676079566925e-01
7.660606060606060808e-02 1.157654205451159726e+02 1.512088418812037673e+02 1.769402300907897185e+01 0.000000000000000000e+00 0.000000000000000000e+00 0.000000000000000000e+00 0.000000000000000000e+00 1.273823737684036117e-01
8.164646464646464763e-02 1.276894573330741309e+02 1.648455520109990573e+02 2.676372460111505447e+01 0.000000000000000000e+00 0.000000000000000000e+00 0.000000000000000000e+00 0.000000000000000000e+00 1.392592105734332120e-01
8.668686868686868718e-02 1.398674664244763051e+02 1.772412326311518029e+02 3.529017749720285479e+01 0.000000000000000000e+00 0.000000000000000000e+00 0.000000000000000000e+00 0.000000000000000000e+00 1.512982841747941565e-01
9.172727272727272674e-02 1.518502056490509347e+02 1.882749793725004395e+02 4.291589531965203008e+01 0.000000000000000000e+00 0.000000000000000000e+00 0.000000000000000000e+00 0.000000000000000000e+00 1.634396594905512534e-01
9.676767676767676629e-02 1.639876796717273635e+02 1.979166001912547301e+02 4.959553010137034335e+01 0.000000000000000000e+00 0.000000000000000000e+00 0.000000000000000000e+00 0.000000000000000000e+00 1.756635237035510944e-01
1.018080808080808058e-01 1.760931378085623180e+02 2.056709133025260883e+02 5.531884496070323110e+01 0.000000000000000000e+00 0.000000000000000000e+00 0.000000000000000000e+00 0.000000000000000000e+00 1.879530499868818649e-01
1.068484848484848454e-01 1.881364598931708656e+02 2.129564322986104230e+02 6.058237215290853328e+01 0.000000000000000000e+00 0.000000000000000000e+00 0.000000000000000000e+00 0.000000000000000000e+00 2.003630801776996040e-01
1.118888888888888850e-01 2.000394730880871066e+02 2.194709558491801147e+02 6.536295627312568968e+01 0.000000000000000000e+00 0.000000000000000000e+00 0.000000000000000000e+00 0.000000000000000000e+00 2.127455495028285903e-01
1.169292929292929245e-01 2.118803457692427799e+02 2.259619387691484462e+02 7.039783380405314972e+01 0.000000000000000000e+00 0.000000000000000000e+00 0.000000000000000000e+00 0.000000000000000000e+00 2.251525747083916729e-01
1.219696969696969779e-01 2.235700721860488898e+02 2.322953762848186159e+02 7.553829394999381464e+01 0.000000000000000000e+00 0.000000000000000000e+00 0.000000000000000000e+00 0.000000000000000000e+00 2.375729616873809291e-01
1.270101010101010175e-01 2.351326995712418864e+02 2.385766508143401268e+02 8.089696887057623087e+01 0.000000000000000000e+00 0.000000000000000000e+00 0.000000000000000000e+00 0.000000000000000000e+00 2.499967616513230628e-01
1.320505050505050570e-01 2.465460469191203003e+02 2.448392610737948019e+02 8.649405541320702184e+01 0.000000000000000000e+00 0.000000000000000000e+00 0.000000000000000000e+00 0.000000000000000000e+00 2.624148982931800989e-01
1.370909090909090966e-01 2.578380684440736559e+02 2.514189418043384876e+02 9.266533967360123825e+01 0.000000000000000000e+00 0.000000000000000000e+00 0.000000000000000000e+00 0.000000000000000000e+00 2.748192513088457134e-01
1.421313131313131362e-01 2.689742570656094358e+02 2.570770814208690922e+02 9.815315496341077051e+01 0.000000000000000000e+00 0.000000000000000000e+00 0.000000000000000000e+00 0.000000000000000000e+00 2.872027852163108741e-01
1.471717171717171757e-01 2.799417187634083461e+02 2.614490153445201486e+02 1.025739538231570833e+02 0.000000000000000000e+00 0.000000000000000000e+00 0.000000000000000000e+00 0.000000000000000000e+00 2.995590356984658142e-01
1.522121212121212153e-01 2.907650950620209755e+02 2.656523444289409213e+02 1.070055036146950016e+02 0.000000000000000000e+00 0.000000000000000000e+00 0.000000000000000000e+00 0.000000000000000000e+00 3.118823359468000378e-01
1.572525252525252548e-01 3.014218121606920704e+02 2.690484051901830185e+02 1.107716251946078501e+02 0.000000000000000000e+00 0.000000000000000000e+00 0.000000000000000000e+00 0.000000000000000000e+00 3.241676284989207235e-01
1.622929292929292944e-01 3.118824463094595103e+02 2.715399689980976632e+02 1.137473286593279056e+02 0.000000000000000000e+00 0.000000000000000000e+00 0.000000000000000000e+00 0.000000000000000000e+00 3.364103985935616437e-01
1.673333333333333339e-01 3.221292946119234557e+02 2.737593205941809060e+02 1.165525294527708127e+02 0.000000000000000000e+00 0.000000000000000000e+00 0.000000000000000000e+00 0.000000000000000000e+00 3.486064827577541880e-01
1.723737373737373735e-01 3.322251131407672347e+02 2.749318065308061136e+02 1.183753413812310242e+02 0.000000000000000000e+00 0.000000000000000000e+00 0.000000000000000000e+00 0.000000000000000000e+00 3.607794010055185296e-01
1.774141414141414130e-01 3.420919364357507675e+02 2.764223102901613629e+02 1.205969554967842186e+02 0.000000000000000000e+00 0.000000000000000000e+00 0.000000000000000000e+00 0.000000000000000000e+00 3.690912087259282104e-01
1.824545454545454526e-01 3.517810694829699969e+02 2.774267427775880606e+02 1.218291519074359144e+02 0.000000000000000000e+00 0.000000000000000000e+00 0.000000000000000000e+00 0.000000000000000000e+00 3.848779361007437783e-01
1.874949494949494921e-01 3.612779648922780780e+02 2.791610015971882603e+02 1.249722865729195291e+02 0.000000000000000000e+00 0.000000000000000000e+00 0.000000000000000000e+00 0.000000000000000000e+00 3.968520990991069031e-01
1.925353535353535317e-01 3.705927841473960029e+02 2.803026968048225740e+02 1.270336212083933276e+02 0.000000000000000000e+00 0.000000000000000000e+00 0.000000000000000000e+00 0.000000000000000000e+00 4.087637269475244417e-01
1.975757575757575712e-01 3.797431515246804565e+02 2.821221255879494265e+02 1.298285463573643597e+02 0.000000000000000000e+00 0.000000000000000000e+00 0.000000000000000000e+00 0.000000000000000000e+00 4.206101797441832435e-01
2.026161616161616108e-01 3.887063486361873856e+02 2.831937999550847849e+02 1.319411602363470593e+02 0.000000000000000000e+00 0.000000000000000000e+00 0.000000000000000000e+00 0.000000000000000000e+00 4.323896755540361236e-01
2.076565656565656504e-01 3.975120612288848747e+02 2.849134257761368758e+02 1.347562640290136073e+02 0.000000000000000000e+00 0.000000000000000000e+00 0.000000000000000000e+00 0.000000000000000000e+00 4.440998045253432003e-01
2.126969696969696899e-01 4.061427291329293325e+02 2.849517829190231168e+02 1.359421028821892037e+02 0.000000000000000000e+00 0.000000000000000000e+00 0.000000000000000000e+00 0.000000000000000000e+00 4.557390121544641626e-01
2.177373737373737295e-01 4.145970903404674459e+02 2.852373296166268233e+02 1.374139678340346222e+02 0.000000000000000000e+00 0.000000000000000000e+00 0.000000000000000000e+00 0.000000000000000000e+00 4.673059329373067672e-01
2.227777777777777690e-01 4.229017335765993835e+02 2.862095716761524500e+02 1.395971954095253977e+02 0.000000000000000000e+00 0.000000000000000000e+00 0.000000000000000000e+00 0.000000000000000000e+00 4.787988794880853605e-01
2.278181818181818086e-01 4.310368234947990800e+02 2.853364956299961932e+02 1.399552445725679490e+02 0.000000000000000000e+00 0.000000000000000000e+00 0.000000000000000000e+00 0.000000000000000000e+00 4.903348847231139285e-01
2.328585858585858481e-01 4.389696575522028752e+02 2.844020605666942174e+02 1.402649734344591934e+02 0.000000000000000000e+00 0.000000000000000000e+00 0.000000000000000000e+00 0.000000000000000000e+00 5.015578571707466349e-01
2.378989898989898877e-01 4.467821308933881141e+02 2.839564613140541383e+02 1.410665950832671172e+02 0.000000000000000000e+00 0.000000000000000000e+00 0.000000000000000000e+00 0.000000000000000000e+00 5.128221472424788763e-01
2.429393939393939550e-01 4.544302552311766021e+02 2.817060403360315490e+02 1.411568266282480693e+02 0.000000000000000000e+00 0.000000000000000000e+00 0.000000000000000000e+00 0.000000000000000000e+00 5.240079214353239312e-01
2.479797979797979945e-01 4.619075803646165355e+02 2.817464823458853402e+02 1.413792776129971571e+02 0.000000000000000000e+00 0.000000000000000000e+00 0.000000000000000000e+00 0.000000000000000000e+00 5.351147164274250301e-01
2.530202020202020341e-01 4.692403806001690896e+02 2.826337429393897764e+02 1.435395355480886508e+02 0.000000000000000000e+00 0.000000000000000000e+00 0.000000000000000000e+00 0.000000000000000000e+00 5.461413672075110526e-01
2.580606060606060459e-01 4.764278644572199255e+02 2.818156702355601624e+02 1.440017368555556061e+02 0.000000000000000000e+00 0.000000000000000000e+00 0.000000000000000000e+00 0.000000000000000000e+00 5.570876814112292186e-01
2.631010101010101132e-01 4.834744812325084808e+02 2.808652737254751059e+02 1.443341553247240938e+02 0.000000000000000000e+00 0.000000000000000000e+00 0.000000000000000000e+00 0.000000000000000000e+00 5.679527259827209518e-01
2.681414141414141250e-01 4.903737333849916809e+02 2.800842100856150978e+02 1.448422680049341977e+02 0.000000000000000000e+00 0.000000000000000000e+00 0.000000000000000000e+00 0.000000000000000000e+00 5.787361618118748163e-01
2.731818181818181923e-01 4.971221766077352413e+02 2.790495323234603688e+02 1.451036390551764157e+02 0.000000000000000000e+00 0.000000000000000000e+00 0.000000000000000000e+00 0.000000000000000000e+00 5.894371858354311433e-01
2.782222222222222041e-01 5.037834557715665369e+02 2.781488563140163706e+02 1.455106436335723004e+02 0.000000000000000000e+00 0.000000000000000000e+00 0.000000000000000000e+00 0.000000000000000000e+00 6.000559476970130923e-01
2.832626262626262714e-01 5.102769865682995487e+02 2.769821008118026953e+02 1.456331546992545327e+02 0.000000000000000000e+00 0.000000000000000000e+00 0.000000000000000000e+00 0.000000000000000000e+00 6.105917724517960776e-01
2.883030303030302832e-01 5.166677636709752051e+02 2.759647927307273676e+02 1.459139269594172958e+02 0.000000000000000000e+00 0.000000000000000000e+00 0.000000000000000000e+00 0.000000000000000000e+00 6.210445266763556793e-01
2.933434343434343505e-01 5.229206125057669396e+02 2.746733609244154195e+02 1.459083005969960141e+02 0.000000000000000000e+00 0.000000000000000000e+00 0.000000000000000000e+00 0.000000000000000000e+00 6.314140506523588936e-01
2.983838383838383623e-01 5.290674165440129855e+02 2.736033779916122626e+02 1.461155483949116842e+02 0.000000000000000000e+00 0.000000000000000000e+00 0.000000000000000000e+00 0.000000000000000000e+00 6.418735197161138384e-01
3.034242424242424296e-01 5.350775839207936997e+02 2.723443499305668070e+02 1.461302200870525496e+02 0.000000000000000000e+00 0.000000000000000000e+00 0.000000000000000000e+00 0.000000000000000000e+00 6.519019174912672465e-01
3.084646464646464414e-01 5.409729710258536670e+02 2.714059545879185293e+02 1.464551098044990454e+02 0.000000000000000000e+00 0.000000000000000000e+00 0.000000000000000000e+00 0.000000000000000000e+00 6.620201590565739647e-01
3.135050505050505087e-01 5.467380338472298718e+02 2.703460902628087297e+02 1.466467166229502084e+02 0.000000000000000000e+00 0.000000000000000000e+00 0.000000000000000000e+00 0.000000000000000000e+00 6.720546735146287753e-01
3.185454545454545205e-01 5.524024966925334184e+02 2.664005063837612397e+02 1.439534402658183012e+02 0.000000000000000000e+00 0.000000000000000000e+00 0.000000000000000000e+00 0.000000000000000000e+00 6.820050022044074067e-01
3.235858585858585879e-01 5.579484745392370542e+02 2.653806053959547739e+02 1.441676022761137403e+02 0.000000000000000000e+00 0.000000000000000000e+00 0.000000000000000000e+00 0.000000000000000000e+00 6.918716549215342404e-01
3.286262626262626552e-01 5.634115571757067755e+02 2.647394268719946808e+02 1.447522271213807130e+02 0.000000000000000000e+00 0.000000000000000000e+00 0.000000000000000000e+00 0.000000000000000000e+00 7.016540351069711079e-01
3.336666666666666670e-01 5.687611327238281547e+02 2.627245636022030340e+02 1.439521335298858844e+02 0.000000000000000000e+00 0.000000000000000000e+00 0.000000000000000000e+00 0.000000000000000000e+00 7.113527819098781624e-01
3.387070707070707343e-01 5.740012340524214096e+02 2.619307617646870199e+02 1.443730297592005059e+02 0.000000000000000000e+00 0.000000000000000000e+00 0.000000000000000000e+00 0.000000000000000000e+00 7.209680775242076622e-01
3.437474747474747461e-01 5.791598768510490345e+02 2.614968732994447578e+02 1.451342604114874177e+02 0.000000000000000000e+00 0.000000000000000000e+00 0.000000000000000000e+00 0.000000000000000000e+00 7.304993574952548530e-01
3.487878787878788134e-01 5.842023809497395632e+02 2.570441513696861193e+02 1.418730871803157356e+02 0.000000000000000000e+00 0.000000000000000000e+00 0.000000000000000000e+00 0.000000000000000000e+00 7.399473629596688973e-01
3.538282828282828252e-01 5.891187592656664265e+02 2.566843350267698156e+02 1.426933737406371279e+02 0.000000000000000000e+00 0.000000000000000000e+00 0.000000000000000000e+00 0.000000000000000000e+00 7.493115644443393286e-01
3.588686868686868925e-01 5.940245977588774622e+02 2.560796170635743465e+02 1.432574180409496876e+02 0.000000000000000000e+00 0.000000000000000000e+00 0.000000000000000000e+00 0.000000000000000000e+00 7.585924062186029104e-01
3.639090909090909043e-01 5.987958093732718226e+02 2.541840697284894475e+02 1.425118897479879649e+02 0.000000000000000000e+00 0.000000000000000000e+00 0.000000000000000000e+00 0.000000000000000000e+00 7.677907874933863619e-01
3.689494949494949716e-01 6.035031910483500042e+02 2.540880613802492007e+02 1.435575665950756843e+02 0.000000000000000000e+00 0.000000000000000000e+00 0.000000000000000000e+00 0.000000000000000000e+00 7.769061846022895512e-01
3.739898989898989834e-01 6.081083453409783033e+02 2.494779998941216377e+02 1.400794363128345026e+02 0.000000000000000000e+00 0.000000000000000000e+00 0.000000000000000000e+00 0.000000000000000000e+00 7.859386179343088585e-01
3.790303030303030507e-01 6.126149458137414285e+02 2.495655495724884929e+02 1.412844920274110621e+02 0.000000000000000000e+00 0.000000000000000000e+00 0.000000000000000000e+00 0.000000000000000000e+00 7.948885693052593071e-01
3.840707070707070625e-01 6.170559805207180943e+02 2.478938136456297059e+02 1.407185847875343256e+02 0.000000000000000000e+00 0.000000000000000000e+00 0.000000000000000000e+00 0.000000000000000000e+00 8.037567998507468836e-01
3.891111111111111298e-01 6.214224678922932981e+02 2.479299780767152583e+02 1.418486557442699336e+02 0.000000000000000000e+00 0.000000000000000000e+00 0.000000000000000000e+00 0.000000000000000000e+00 8.125429487679793894e-01
3.941515151515151416e-01 6.252976241275141547e+02 2.436460590958607497e+02 1.386325448161375675e+02 0.000000000000000000e+00 0.000000000000000000e+00 0.000000000000000000e+00 0.000000000000000000e+00 8.212473168573811710e-01
3.991919191919192089e-01 6.298991396998303571e+02 2.421363510510057040e+02 1.382109749278318986e+02 0.000000000000000000e+00 0.000000000000000000e+00 0.000000000000000000e+00 0.000000000000000000e+00 8.298703397054931763e-01
4.042323232323232207e-01 6.340114679858115778e+02 2.424009246350566400e+02 1.395352444071180571e+02 0.000000000000000000e+00 0.000000000000000000e+00 0.000000000000000000e+00 0.000000000000000000e+00 8.384124004424451382e-01
4.092727272727272880e-01 6.380923405986134185e+02 2.381334544551029353e+02 1.363414955942533595e+02 0.000000000000000000e+00 0.000000000000000000e+00 0.000000000000000000e+00 0.000000000000000000e+00 8.468737273499442608e-01
4.143131313131312998e-01 6.420752924907448005e+02 2.385994953399094811e+02 1.378179004559429757e+02 0.000000000000000000e+00 0.000000000000000000e+00 0.000000000000000000e+00 0.000000000000000000e+00 8.552544157522946611e-01
4.193535353535353671e-01 6.459813361846535145e+02 2.373598920705223350e+02 1.376049146693520129e+02 0.000000000000000000e+00 0.000000000000000000e+00 0.000000000000000000e+00 0.000000000000000000e+00 8.635555567013978306e-01
4.243939393939393789e-01 6.498406133198564021e+02 2.330677298738470711e+02 1.343214684335250979e+02 0.000000000000000000e+00 0.000000000000000000e+00 0.000000000000000000e+00 0.000000000000000000e+00 8.717764547515566287e-01
4.294343434343434462e-01 6.536176374185428131e+02 2.338799786252527042e+02 1.361378116532643219e+02 0.000000000000000000e+00 0.000000000000000000e+00 0.000000000000000000e+00 0.000000000000000000e+00 8.799178654895294382e-01
4.344747474747474580e-01 6.573480209925880899e+02 2.328479224269002259e+02 1.360992108653457819e+02 0.000000000000000000e+00 0.000000000000000000e+00 0.000000000000000000e+00 0.000000000000000000e+00 8.879806113637507270e-01
4.395151515151515254e-01 6.610057248060495567e+02 2.285905646193973553e+02 1.328172987835692140e+02 0.000000000000000000e+00 0.000000000000000000e+00 0.000000000000000000e+00 0.000000000000000000e+00 8.959645621060750020e-01
4.445555555555555372e-01 6.645923472319427674e+02 2.277212287079458122e+02 1.328997334039601412e+02 0.000000000000000000e+00 0.000000000000000000e+00 0.000000000000000000e+00 0.000000000000000000e+00 9.044416581114809173e-01
4.495959595959596045e-01 6.681386205446423219e+02 2.290249579983715478e+02 1.351831774225434231e+02 0.000000000000000000e+00 0.000000000000000000e+00 0.000000000000000000e+00 0.000000000000000000e+00 9.122744742542887586e-01
4.546363636363636163e-01 6.716184956496863379e+02 2.247637869095096903e+02 1.318617480654563963e+02 0.000000000000000000e+00 0.000000000000000000e+00 0.000000000000000000e+00 0.000000000000000000e+00 9.200308291984381492e-01
4.596767676767676836e-01 6.750362057499240791e+02 2.241942618100398477e+02 1.322269998484586893e+02 0.000000000000000000e+00 0.000000000000000000e+00 0.000000000000000000e+00 0.000000000000000000e+00 9.271202112278793539e-01
4.647171717171716954e-01 6.783915796147470019e+02 2.193854451881030059e+02 1.283398808151361834e+02 0.000000000000000000e+00 0.000000000000000000e+00 0.000000000000000000e+00 0.000000000000000000e+00 9.347159540579675907e-01
4.697575757575757627e-01 6.816941841597555367e+02 2.147974664899786603e+02 1.246594907239388874e+02 0.000000000000000000e+00 0.000000000000000000e+00 0.000000000000000000e+00 0.000000000000000000e+00 9.422350355530116905e-01
4.747979797979797745e-01 6.849537621281631345e+02 2.214965484778795428e+02 1.322657362100203216e+02 0.000000000000000000e+00 0.000000000000000000e+00 0.000000000000000000e+00 0.000000000000000000e+00 9.496788489322670612e-01
4.798383838383838418e-01 6.881334719733049496e+02 2.167408541873031140e+02 1.284044916059299908e+02 0.000000000000000000e+00 0.000000000000000000e+00 0.000000000000000000e+00 0.000000000000000000e+00 9.570468119561428288e-01
4.848787878787879091e-01 6.912999842294356085e+02 2.166162923172397257e+02 1.291605314961100248e+02 0.000000000000000000e+00 0.000000000000000000e+00 0.000000000000000000e+00 0.000000000000000000e+00 9.646315887611423001e-01
4.899191919191919209e-01 6.944018819368102413e+02 2.124493932380316608e+02 1.258633948851237108e+02 0.000000000000000000e+00 0.000000000000000000e+00 0.000000000000000000e+00 0.000000000000000000e+00 9.715570325954695496e-01
4.949595959595959882e-01 6.974448907434507419e+02 2.124797430938544665e+02 1.267543803674538765e+02 0.000000000000000000e+00 0.000000000000000000e+00 0.000000000000000000e+00 0.000000000000000000e+00 9.787003796281278367e-01
5.000000000000000000e-01 7.004578296787648242e+02 2.076093253516377501e+02 1.227354543390143391e+02 0.000000000000000000e+00 0.000000000000000000e+00 0.000000000000000000e+00 0.000000000000000000e+00 9.857702614104937311e-01
